1113634	598 561 602 565
112113794	579
11289635	579
116010164	417
116010180	114
1160100100	551 581 578 563
1160100158	597 308
1160100210	618 608 628 614 584 301
116010046	608
1160101115	302 568 417
1160101129	124
1160101234	599 604 124
116010143	608 614
116010164	68 565 604
1160102229	609
116010261	618 597 124 604 598
1160103242	570 599 623 604
116010397	302 109
1160104112	607 604 568 453 580
1160104142	418 320 583 573
116010455	580 514 453
1160107167	565
11601077	453 92 566 387 571
116011083	622
1160112211	531 573
116011259	570 551
116011575	607
1160117129	308
1160117226	577
1160119195	308
116011977	595
116012192	557 525
1160122245	453
1160125167	612
1160125171	598
116012529	584
116012625	574
116012653	387
1160127152	580 481
1160127153	392
1160127196	597
116012780	109
116012793	568
11601473	543
1160144202	602
1160144204	573 646 565
11601449	598
1160145163	581
116014569	581
116014586	320
1160147195	602
1160148151	638
116014819	565
1160148201	645
1160148212	595
116014859	595
1160149108	602
1160149109	644
1160149227	595
11601518	603 556
1160150115	645 320
1160150218	320
116015026	644
116015065	638
116015080	645 320
1160151224	644
1160151226	625
1160152159	650
1160153120	320
1160154179	301 655
1160154184	660
116015550	625
116015556	581
1160156243	379
1160157177	598 662
11601572	440 638 645 650
116015788	598
1160158132	650
1160159127	625
1160159229	598
116015997	602
1160160183	401
1160168125	598
116019211	583
1160192190	566
1160192205	512
11601926	453
1160193157	571
1160193173	592 604
116019338	625
116019347	387
11601935	565
116019357	552
116019375	578
1160194102	395 603
1160194179	584
116019455	598 114 453
1160195235	485
116019630	318 556
116019646	609
116019654	561
116019662	308
116019710	578
1160197152	453
1160197198	565 453
1160198132	577 573
1160198169	561 302
1160198192	577
11601982	364
1160198215	320 318
116019852	302 417
1160199151	584
1160199204	597
116020190	607
1160200161	453
1160200190	625 326 638
1160200217	571
116020045	114
116020091	330
1160201117	364 558
1160201250	570 565
11602013	599
116020135	573
1160202115	578
1160202157	561 570
1160202211	561
1160202222	597 598 589
1160202244	517
116020253	401 302
116020270	392
1160203206	556 336
1160205118	595
1160205240	485
1160205250	602
1160205253	580
116020571	604
116020584	576
1160206157	625
1160206159	660 623 598
1160207152	336 318
116021119	646 650 595
116021826	525
116022177	320
116025127	552
116025226	326 109 308
116026198	568
11602811	625
116030124	55 604
11603013	418
116030203	572 570
11603287	595
11603379	336
116034203	608 598
11603425	551 331 453
11603654	598 644 583 444 114
116081228	124 556 597
11608292	572
116083107	628 620 584
116083214	109
116083236	577
11608557	596
116087136	577
116087193	662
116097229	606
11609770	646
116098104	580 578 320 453
116098185	302
116098191	609 395 599
116099119	55 570
116099140	597 596 614
11609989	417 320
1161102145	574
1161103227	607
116110668	625
116110910	622
1161110125	598
1161110251	561
1161116189	603
116112025	409
116112128	330
1161122108	573
116112249	308
1161123227	566
1161126149	576
1161126228	320
1161136229	646
116114824	660
116116244	579
1161167	114
11611727	576 384
116118170	580
11611836	585 578 583
1161184238	662
116118447	660
1161185115	598
1161187102	655
1161187142	660
1161187242	662
116118726	384
1161189150	588 581 625
116119212	628
11611969	609
1161191159	598
116120125	644
116120148	565
11612096	579
11612098	638
1161217101	302
116121947	596
11612214	584
116122199	320
11612222	552 576
1161221100	395
116122314	604
1161227164	577
116123188	387
1161237118	302
116123979	583 572
116124107	320 114 583 384 578 418
116124204	453
1161240222	584
1161241133	606
1161241239	608
1161242229	608 597 609
116124254	543 444
1161244103	608
1161244167	628 124
1161244192	114 412
116124495	336
1161245109	124
1161246154	604
116124666	595
116124750	609
116124757	608
116125121	556
116125133	392 539 552
1161253128	614
1161254115	565
116126133	594
116128170	584
116129117	565
116129248	576
116130127	598
116130147	599
116130153	512
116130228	597
11614185	574
116142181	453
116142184	607
116142185	302 612 574
11614342	618 55
116144143	638
116144241	417 614
116145249	597
116146249	556
11614627	418
116147114	614
116147150	580
116147204	578
116156119	603 625
11615734	584 364 330 597 570 302 577
11615774	409
116159168	581 561 579 576 364 570
116160141	595
116161139	395 551
116162109	386
11616241	331
116163100	584
11616372	625
116166229	604
116168187	602
116169159	364
116169245	603
116171112	577
116171124	417
116171245	595
116176242	650 623
116178228	561 607 551
116179219	514
11617937	302
11617970	595 561
116180206	571
11618029	395
116181191	320
116184169	109
116186126	308 319
11618860	609 574
116191123	660
1161918	318 556
116193105	318
11619531	607
11619548	612
1161969	387 623
11619938	650
11620102	655
11620144	566
11620153	618
11620158	556
1162018	384 584
11620183	336 607
11620210	612
11620211	578 584
1162022	609 568
1162039	332 330
1162096	551
11621119	570
11621123	604
11621198	597
11621237	453
1162147	551
1162160	302 556
1162185	552
11621013	565 453
116210214	622 572
116210227	596
116210250	577 412
11621026	595
11621036	604
11621058	595 598
11621087	607
116211102	565
116211125	566
116211135	577 320
116211149	565
116211177	577
116211194	577
116211244	598
116212154	301
116212170	574
116212178	320 578
116212188	625 318
116212211	584
116212226	301
116212232	568
116212252	646 565 459
1162121180	556 328
1162124126	417
116213100	595
11621312	572
116213121	578
116213170	580
11621366	417
1162136180	418
1162136198	332
1162136241	302
116213653	571
116213741	531 576
116213762	578
1162138107	578
1162138114	577
1162138233	579
116213851	409
116213856	650
1162139182	595
116213983	561
116214162	577 364
116214179	606
11621454	622 551 566
116214045	114
1162141124	566
1162141145	597
1162141236	570
1162143188	551
116214323	568
1162143244	577
116215150	55
11621520	584
116215205	625
116215215	595 625
116215252	308 604
11621536	332
11621546	412
11621547	566
11621562	595 574
11621592	538 580 572
116216107	572
116216190	581 424
116216203	608
116216242	597
11621631	584 55
11621639	570 604
11621646	604 598
1162160246	597
116217111	602 565
11621714	556 598
116217144	417
11621717	599
116217175	581 638
116217183	638
116217237	453
116217248	581
11621754	584
116217896	577
116218114	578
116218124	570
116218134	571 596
116218199	645 598
116218207	595
116218226	580
116218229	614
11621828	604
11621831	628
1162186	599 609
11621862	578
116218468	565
116218851	453
11621954	607 597
11621988	570 517
11622127	580 453
11622148	623
11622213	602
1162237	589 453
1162241	124 614
1162263	650
116220103	570
116220115	412
11622013	608 302
116220153	595 602
116220166	580 589
116220178	579
116220223	625
116220242	662
116220249	638
11622027	576
11622076	625
1162211	581
116221105	114 571
116221106	614
116221107	331 556
11622114	625 598
116221148	570
116221182	301
116221196	58
116221205	598
116221221	45 625
116221229	609
116221242	598
1162213	609
11622146	645 650
11622159	570
11622213	114
116222163	301
116222194	453
116222226	418
116223183	604
116223220	577
11622367	595
11622376	332 552
11622380	418
11622397	526 392
116224101	622 612
116224104	124
116224157	583 596 623
116224171	614 618
116224172	318
116224176	551 453
116224188	625
11622421	597
11622434	336
11622447	330
1162246	579
11622481	580
11622488	577
11622493	387
11622510	409
116225113	599
116225122	597
11622518	603
116225248	570
11622536	551
11622538	644 625 638
1162257	440 625
116225334	436
1162254153	618
1162254174	539 580
116226150	565 573
116226175	599
116226215	580
116226218	579
11622629	417
11622655	417
11622669	650
11622691	565
116227112	604
116227134	609
116227137	598 662
116227145	561
116227238	580
116227245	607
11622744	597
11622778	417
11622779	570
11622787	602 320
116228133	573 574
116228134	612
116228137	628
116228149	556 568
116228183	644 320
116228202	576
116228218	618 613 612 599
116228219	594
116228244	301
11622853	578
11622882	453 308
1162289	580
116229126	583
116229167	565
116229190	609
1162292	387
11622920	583
116229217	584
116229252	581
11622943	336 595
11622968	364
11622980	114
11622986	417 602
11623138	565
11623166	602
1162317	609
11623192	330
1162344	604
1162356	572
116230118	570 572
116230168	599
116230171	124
116230195	395
116230229	572
11623023	571
116230249	609 574
11623084	418 453 481
11623086	453
116231117	603
116231118	581
116231153	109
116231167	570
11623118	606
116231203	577 434
116231204	578 597
116231212	453
116231238	570 576
11623124	566 395
116231240	571 573 551 114
116231252	606
11623134	453
11623135	578
11623171	598
11623173	409 572
11623180	318
11623198	387 583
1162321	570
116232141	573 551
116232154	556
116232157	622
116232167	646
116232171	572
116232241	364
11623228	467
11623237	387
11623252	598
11623259	561
116233130	604 109
116233165	597
11623318	578
116233186	628
116233196	453
116233235	578
11623336	570
11623373	584
116234118	336
116234136	655 417
116234141	595
116234191	570
116234199	395
116234225	576
11623424	330
116234253	583 332
11623444	604
116235106	604
11623511	574
116235154	595 539 556 574
116235167	336
116235180	418
116235195	387 581
116235217	568
116235253	602 655
1162353	336 598
11623566	114
11623572	453
116236109	387 596
116236121	596
116236169	436 618
116236187	114
116236196	646
116236201	598
116236243	318
116236248	622
11623642	55
11623660	395
11623685	622
11623690	597
116237108	599
116237119	571
116237122	566
116237142	301
116237222	625
116237233	612
116237242	395
116237243	539 584
11623759	577 576
11623772	573
11623776	643 638
11623781	320 570
11623797	622
11623798	603 604 320
116238104	572
116238110	109
116238127	395
116238142	573
116238166	85 570
116238192	578 584 114
116238195	580
1162382	604
11623820	583
116238201	594
1162383	570 552
1162385	579
11623887	561
116239107	568 574
116239155	578
116239172	608 551
116239201	584
116239207	417
1162393	308
1162395	417
11624117	570 571
11624125	577
11624164	565
1162441	598
11625113	618
11625163	556
11625191	608
11625231	552
11625232	608
11625243	331 539 580 551
116257	556
1162593	330
11626105	331 394
11626114	453
11626123	580 573 571
11626168	614 597
11626176	581
11626178	584 561
11626213	597 459
11626215	308
11626222	576 604 424
1162647	622 301
11627111	607
11627162	614
11627186	622
11627198	556 395
11627203	607
11627216	638
11627222	536 577 579
11627230	85 573
11627244	609
1162727	597
11628127	603
11628176	609
11628181	320 573
11628183	655
11628217	568 453
1162823	660 638
11628232	109
11628244	581
1162825	607
1162861	308
1162866	336
1162870	613 662
11628767	556 616
116289128	595
11629114	565
11629147	578 329
1162916	55
11629195	124
11629212	598
11629225	581
116296	424
1162985	580
1162993	577
1162998	602
116306	638 595
1163102205	574
116310410	608
1163107225	577
1163109240	543
1163110248	660
116312222	655
11631588	625
116316205	392
11631682	578
116317134	386
116317152	55
11631744	570
11631745	418
116317764	330
116317815	609
116318115	392
116318116	320
116318180	580
1163189	565
1163184170	576 599
1163188199	485
1163188238	604
1163189203	453
116319115	578
116319150	430
116319222	583
116319230	580
11631950	364
1163192152	514
1163192200	598
1163192201	598 579
116319257	598
116319279	332 392
1163193117	514
116319318	566 598
1163193200	45
1163193219	655
1163193251	320
116319378	556
116319392	453 571 570
1163194147	606
116319416	308 394
1163194202	332 564
1163194247	580
116319441	608 613
1163195106	301
1163195107	597
1163195161	556
116319571	395
1163196108	331 565
1163196177	595 574 603
1163196223	620 581
11631969	436
116319697	571
1163197148	392
1163197176	574
116319724	606 604 109
116319768	609
1163198196	594
1163198233	557 546
116319838	109
116319852	612 561
1163199106	570
1163199232	566 592
1163199235	577
1163199249	557
1163199250	578
116319983	622
116320115	584
116320134	576
116320142	598
11632071	566 577
1163200242	331
116320112	332
1163201181	556
1163202126	576 573
1163204192	566 580
11632046	364
116320551	332
1163206150	453
1163206160	453
1163206196	514
116320710	573 587
1163208131	384
1163208214	418
116320843	387 577 573
116320924	555 512
1163209248	551
116320965	577
116321159	561
11632137	595
11632151	551
11632175	577
11632193	599 330
1163210102	622 660
1163210148	570
1163210235	568
116321048	577
116321087	608
1163211186	573
1163212131	598
1163212135	577
1163212174	485
116321281	576
1163213100	387
1163213170	604
1163213176	608
1163213225	597 584
116321365	301
1163214132	580
116321440	531
116321499	571
1163215147	517 526
116321552	364
116321615	320
116321620	538
116321624	580 587
1163216240	450
1163216251	606 318 336
116321673	597
1163217216	453
116321723	609
116321735	577 320
116321762	608
1163218111	453 580
1163218136	583
1163218180	320 576
1163218214	607 318
116321890	583
1163219146	638 650
1163219147	645
1163219184	514 561
1163219206	594 302
1163219210	417 597
1163219251	485
116321981	444
116322136	58
1163222	578
1163220122	622 124
1163220218	604
1163220230	318
1163220231	578
1163220246	561 551
116322029	609
1163221112	577
1163221116	578
1163221132	622
116322147	453
1163222105	409
1163222137	612
1163222170	612
1163222252	570 578
116322255	417
116322268	598
116322282	598
116322292	364
1163223120	364 572
1163223133	644
116322314	320
1163223155	320 594
1163223176	387 576
11632232	580
11632239	660
11632310	565
116323159	597
11632331	387 320
11632332	603
11632367	576
11632370	572
1163238144	429
116324135	574
116324167	320
116324176	577
116324187	561 578
116324217	572
116324218	572
11632428	526
1163240182	417
116324047	320 92
116324073	602
11632411	552 576
1163241143	573 364
116324175	607
1163243137	418
1163243198	485
1163243220	336
1163243245	570
116324352	580 573
1163244132	570
116324421	561
1163244233	418
11632448	109 302
1163245124	565
1163245232	578 395 388
116324597	579 571 371 573
1163246122	453 572 578
1163246184	561 574
1163246191	577
116324660	39
1163247129	577
1163247234	453
116324798	570
116325156	604
116325171	332
116325183	114
11632568	331
11632572	573 318 395
11632598	485
116326124	584
116326135	336
116326180	551
116326241	453
11632660	453
116327143	614 604
11632752	364
11632768	320
11632769	583
116328114	572
116328135	598 603
116328248	576
116328250	318 594
11632856	330 572
116329122	570
116329137	571
116329157	332
116329160	436 525
116329201	551 606
11632922	607
116329221	561
116329249	485 557
11632957	571
11632962	302
116330100	577
116330145	583
116330178	581
116330188	604
11633043	581
11633091	364
116331175	387
116331192	561
11633185	595
116332160	594 578
116332199	418
116333124	364
116333210	606
11633335	581
1163334	453
11633389	595
11633412	614 459
116334122	320 577
116334127	525
116334160	330 418
116334186	485
11633459	577
116335117	566
116335120	526
116335148	616 598
116335149	604
11633518	453
116335191	551 481 418 577 583 572
11633582	604
116336154	584
116336235	408 597
116337119	453
116337129	572
11633713	577
116337209	485 543
116337210	565
11633753	577
116338104	595
116338149	434 577 525
116338186	577
116338245	570
11633913	561 551
11633914	580
116339166	387
11633934	597
11633958	578
11633979	543
11634231	655
116347138	301 614
116349115	578
11635091	608
11635191	574 609 331 565
116352127	538
11635240	395 124 612
11635262	424 625
116353144	608 609
116354131	577
116364146	417
11636426	392
11636459	301
116365107	114
116365162	577
116367171	598
116367182	608
116369196	595
11636949	598
116370149	55
116371143	638
11637120	566
11637198	124
11637427	650 641
11637483	646 320 602
11637931	598
116390234	609
116396159	623 609
11639920	387 570
